name: "Margit"
base_hp: 4174
idle_animation: "2000020"
parryable: False
parry_animation: "cantbeparried"
fog_gate_teleport:
  heroX: -12.03299713
  heroY: 0.9481675625
  heroZ: -11.76802826 
  heroAngle: 0.761809051
boss_teleport:
  heroX: -35.65
  heroY: 6.08
  heroZ: -18.43
  heroAngle: 0.761809051
